alph[0] = -0.000000
alph[1] = -0.000000
alph[2] = -0.000000
alph[3] = -0.000000
alph[4] = -0.000000
alph[5] = 0.000000
alph[6] = -0.000000
alph[7] = 0.000000
alph[8] = 0.000000
alph[9] = 0.000000
alph[10] = -0.000000
alph[11] = 0.000000
alph[12] = -0.000000
alph[13] = 0.000000
alph[14] = -0.000000
alph[15] = -0.000000
alph[16] = 0.000000
alph[17] = -0.000000
alph[18] = -0.000000
alph[19] = -0.000000
alph[20] = 14.900021
alph[21] = 0.000000
alph[22] = 6.462834
alph[23] = 0.000000
alph[24] = 0.000000
alph[25] = 126.383422
alph[26] = 86.639616
alph[27] = -0.000000
alph[28] = -0.000000
alph[29] = -0.000000
alph[30] = 41.651066
alph[31] = -0.000000
alph[32] = -0.000000
alph[33] = -0.000000
alph[34] = 0.000000
alph[35] = 0.000000
alph[36] = 0.000000
alph[37] = -0.000000
alph[38] = 0.000000
alph[39] = -0.000000
alph[40] = -0.000000
alph[41] = 0.000000
alph[42] = 0.000000
alph[43] = -0.000000
alph[44] = -0.000000
alph[45] = 0.000000
alph[46] = -0.000000
alph[47] = -0.000000
alph[48] = 129.806972
alph[49] = 0.000000
alph[50] = 8.902185
alph[51] = 0.000000
alph[52] = 0.000000
alph[53] = 0.000000
alph[54] = -0.000000
alph[55] = 6.116499
alph[56] = -0.000000
alph[57] = 0.000000
alph[58] = -0.000000
alph[59] = 0.000000
alph[60] = 0.000000
alph[61] = -0.000000
alph[62] = -0.000000
alph[63] = 0.000000
alph[64] = -0.000000
alph[65] = -0.000000
alph[66] = 0.000000
alph[67] = -0.000000
alph[68] = 0.000000
alph[69] = 0.000000
alph[70] = -0.000000
alph[71] = 0.000000
alph[72] = 7.242361
alph[73] = 0.000000
alph[74] = 0.000000
alph[75] = -0.000000
alph[76] = 0.000000
alph[77] = -0.000000
alph[78] = 0.000000
alph[79] = 0.000000
alph[80] = 0.000000
alph[81] = 80.889002
alph[82] = 0.000000
alph[83] = -0.000000
alph[84] = 0.000000
alph[85] = 0.000000
alph[86] = -0.000000
alph[87] = -0.000000
alph[88] = 0.000000
alph[89] = 0.000000
alph[90] = 0.000000
alph[91] = -0.000000
alph[92] = 0.000000
alph[93] = -0.000000
alph[94] = 0.000000
alph[95] = -0.000000
alph[96] = 43.959993
alph[97] = 0.000000
alph[98] = 2.340767
alph[99] = 0.000000

