alph[0] = 734431473.404839
alph[1] = 638395449.943233
alph[2] = 1350075887.291215
alph[3] = 759359156.656379
alph[4] = 799069719.112401
alph[5] = 624916335.640713
alph[6] = 551872635.316007
alph[7] = 1306118713.311784
alph[8] = 632447448.421904
alph[9] = 534386849.924639
alph[10] = 583815947.504283
alph[11] = 1304442014.491225
alph[12] = 1336114829.465469
alph[13] = 655789403.830533
alph[14] = 1311975329.819560
alph[15] = 711433713.680222
alph[16] = 1322133729.102766
alph[17] = 1358386626.122655
alph[18] = 1324963313.043164
alph[19] = 1395611213.561019
alph[20] = 1413687465.704795
alph[21] = 773622776.073907
alph[22] = 635092553.544270
alph[23] = 706159215.454334
alph[24] = 612908092.243961
alph[25] = 727419424.321810
alph[26] = 1316099663.597816
alph[27] = 698423791.742446
alph[28] = 1362757089.697533
alph[29] = 548779357.219330
alph[30] = 700078083.929640
alph[31] = 604075598.976586
alph[32] = 1374727902.884945
alph[33] = 561289651.922642
alph[34] = 717481387.812780
alph[35] = 550748059.619916
alph[36] = 743195202.788332
alph[37] = 558233185.606586
alph[38] = 752798475.174452
alph[39] = 558259195.631966
alph[40] = 1294769815.234149
alph[41] = 539099706.441162
alph[42] = 1356888018.691257
alph[43] = 1303077358.996406
alph[44] = 740867608.438748
alph[45] = 749394936.549530
alph[46] = 641327661.421620
alph[47] = 771333545.124255
alph[48] = 1295035028.803108
alph[49] = 1348652622.673153
alph[50] = 743689853.904395
alph[51] = 1333699244.860997
alph[52] = 743487414.934713
alph[53] = 740286128.907688
alph[54] = 755210692.516198
alph[55] = 585847817.838616
alph[56] = 544243678.749271
alph[57] = 574740424.577006
alph[58] = 1310120280.876876
alph[59] = 1310786667.896394
alph[60] = 623525337.230120
alph[61] = 1321838804.933614
alph[62] = 1286093833.816455
alph[63] = 642512817.721592
alph[64] = 1352782014.502822
alph[65] = 563366150.237455
alph[66] = 580840900.197508
alph[67] = 675446778.626216
alph[68] = 575046893.541922
alph[69] = 1282200791.830110
alph[70] = 754164860.716300
alph[71] = 737561754.293149
alph[72] = 574712360.097046
alph[73] = 544592797.218544
alph[74] = 744170287.199593
alph[75] = 744500354.146513
alph[76] = 692204015.372827
alph[77] = 562574469.833077
alph[78] = 762183060.505083
alph[79] = 1331867147.900426
alph[80] = 595605545.089455
alph[81] = 693739307.052772
alph[82] = 1349087557.335381
alph[83] = 547315809.793745
alph[84] = 771884918.149094
alph[85] = 1278494539.910523
alph[86] = 557483595.403268
alph[87] = 694812828.054467
alph[88] = 1341762671.573670
alph[89] = 1405950724.157748
alph[90] = 656427835.663311
alph[91] = 763415223.515971
alph[92] = 721091707.795482
alph[93] = 585440819.985749
alph[94] = 1385636921.360199
alph[95] = 740128717.888187
alph[96] = 1283573920.936132
alph[97] = 573549065.396190
alph[98] = 1378911001.283869
alph[99] = 546012880.041289
